1.000000000000000
1.000000000000000
1.000000000000000
1.000000000000000
1.000000000000000
1.000000000000000
1.000000000000000
1.000000000000000
1.000000000000000
1.000000000000000
1.000000000000000
1.000000000000000
1.000000000000000
1.000000000000000
1.000000000000000
1.000000000000000
1.000000000000000
1.000000000000000
1.000000000000000
1.000000000000000
1.000000000000000
1.000000000000000
1.000000000000000
1.000000000000000
1.000000000000000
1.000000000000000
1.000000000000000
1.000000000000000
1.000000000000000
1.000000000000000
1.000000000000000
1.000000000000000
1.000000000000000
1.000000000000000
1.000000000000000
1.000000000000000
1.000000000000000
1.000000000000000
1.000000000000000
1.000000000000000
1.000000000000000
1.000000000000000
1.000000000000000
1.000000000000000
1.000000000000000
0.993744540982905
0.984797021059136
0.975017967111731
0.964458289387035
0.953164825311686
0.941180738788663
0.928545873420717
0.915297065746240
0.901468423671149
0.887091574526389
0.872195886547833
0.856808667042523
0.840955340054948
0.824659605965560
0.807943585129451
0.790827947386624
0.773332029039015
0.755473938686854
0.737270653142854
0.718738104492790
0.699891259241486
0.680744190371085
0.661310143041255
0.641601594576317
0.621630309310633
0.601407388799165
0.580943317843821
0.560248006736814
0.539330830078887
0.518200662492078
0.496865911513053
0.475334547923326
0.453614133746386
0.431711848118457
0.409634511218950
0.387388606428295
0.364980300864460
0.342415464434909
0.319699687527705
0.296838297453821
0.273836373742330
0.250698762380735
0.227430089084380
0.204034771671291
0.158489319246111
0.125892541179417
0.100000000000000
0.079432823472428
0.063095734448019
0.050118723362727
0.039810717055350
0.031622776601684
0.025118864315096
0.019952623149689
0.015848931924611
