1.000000000000000
1.000000000000000
1.000000000000000
1.000000000000000
1.000000000000000
1.000000000000000
1.000000000000000
1.000000000000000
1.000000000000000
1.000000000000000
1.000000000000000
1.000000000000000
1.000000000000000
1.000000000000000
1.000000000000000
1.000000000000000
1.000000000000000
1.000000000000000
1.000000000000000
1.000000000000000
1.000000000000000
1.000000000000000
1.000000000000000
1.000000000000000
1.000000000000000
1.000000000000000
1.000000000000000
1.000000000000000
1.000000000000000
1.000000000000000
1.000000000000000
1.000000000000000
1.000000000000000
1.000000000000000
1.000000000000000
1.000000000000000
1.000000000000000
1.000000000000000
1.000000000000000
1.000000000000000
1.000000000000000
1.000000000000000
1.000000000000000
1.000000000000000
1.000000000000000
1.000000000000000
1.000000000000000
1.000000000000000
1.000000000000000
0.999500293944740
0.994360295558554
0.986630036630038
0.976055982607346
0.962403379275808
0.945454545454545
0.925007348618459
0.900873840981053
0.872879036672141
0.840859813270360
0.804663923182441
0.764149102263858
0.719182264701980
0.669638774577049
0.615401785714288
0.556361642472756
0.492415335007929
0.423466003316750
0.349422485043403
0.270198902606313
0.185714285714288
0.125892541179417
0.100000000000000
0.079432823472428
0.063095734448019
0.050118723362727
0.039810717055350
0.031622776601684
0.025118864315096
0.019952623149689
0.015848931924611
0.012589254117942
0.010000000000000
0.007943282347243
0.006309573444802
0.005011872336273
0.003981071705535
0.003162277660168
0.002511886431510
0.001995262314969
0.001584893192461
0.001258925411794
0.001000000000000
0.000794328234724
0.000630957344480
0.000501187233627
0.000398107170553
0.000316227766017
0.000251188643151
0.000199526231497
0.000158489319246
