   1.000000000000000
   1.000000000000000
   1.000000000000000
   1.000000000000000
   1.000000000000000
   1.000000000000000
   1.000000000000000
   1.000000000000000
   1.000000000000000
   1.000000000000000
   1.000000000000000
   1.000000000000000
   1.000000000000000
   1.000000000000000
   1.000000000000000
   1.000000000000000
   1.000000000000000
   1.000000000000000
   1.000000000000000
   1.000000000000000
   1.000000000000000
   1.000000000000000
   1.000000000000000
   1.000000000000000
   1.000000000000000
   1.000000000000000
   1.000000000000000
   1.000000000000000
   1.000000000000000
   1.000000000000000
   1.000000000000000
   1.000000000000000
   1.000000000000000
   1.000000000000000
   1.000000000000000
   1.000000000000000
   1.000000000000000
   1.000000000000000
   1.000000000000000
   1.000000000000000
   1.000000000000000
   1.000000000000000
   1.000000000000000
   1.000000000000000
   1.000000000000000
   1.000000000000000
   1.000000000000000
   1.000000000000000
   1.000000000000000
   1.000000000000000
   1.000000000000000
   1.000000000000000
   1.000000000000000
   1.000000000000000
   1.000000000000000
   1.000000000000000
   1.000000000000000
   1.000000000000000
   1.000000000000000
   1.000000000000000
   1.000000000000000
   0.999100227508342
   0.998056482656681
   0.996698132609412
   0.995039697606332
   0.993094817872707
   0.990876319291992
   0.988396273283913
   0.985666051475745
   0.982696375687494
   0.979497363692965
   0.976078571167419
   0.972449030187474
   0.968617284609390
   0.964591422617092
   0.960379106700614
   0.955987601298562
   0.951423798314226
   0.946694240693769
   0.941805144236046
   0.936762417786881
   0.931571681955717
   0.926238286479254
   0.920767326344822
   0.915163656775645
   0.909431907170609
   0.903576494082675
   0.897601633312396
   0.891511351186144
   0.885309495082449
   0.878999743264306
   0.872585614070230
   0.866070474512345
   0.859457548325669
   0.852749923509005
   0.845950559394539
   0.839062293280143
   0.832087846655610
   0.825029831051550
   0.817890753537349