1.000000000000000
1.000000000000000
1.000000000000000
1.000000000000000
1.000000000000000
1.000000000000000
1.000000000000000
1.000000000000000
1.000000000000000
1.000000000000000
1.000000000000000
1.000000000000000
1.000000000000000
1.000000000000000
1.000000000000000
1.000000000000000
1.000000000000000
1.000000000000000
1.000000000000000
1.000000000000000
1.000000000000000
1.000000000000000
1.000000000000000
1.000000000000000
1.000000000000000
1.000000000000000
1.000000000000000
1.000000000000000
1.000000000000000
1.000000000000000
1.000000000000000
1.000000000000000
1.000000000000000
1.000000000000000
1.000000000000000
1.000000000000000
1.000000000000000
1.000000000000000
1.000000000000000
1.000000000000000
1.000000000000000
1.000000000000000
1.000000000000000
1.000000000000000
1.000000000000000
1.000000000000000
1.000000000000000
1.000000000000000
1.000000000000000
1.000000000000000
1.000000000000000
1.000000000000000
1.000000000000000
1.000000000000000
1.000000000000000
1.000000000000000
1.000000000000000
1.000000000000000
1.000000000000000
1.000000000000000
0.992212322034435
0.977827000270377
0.962224064351723
0.945460589941972
0.927590140356097
0.908663032647558
0.888726579866624
0.867825311942958
0.846001177361029
0.823293727549046
0.799740285685745
0.775376101439930
0.750234492991706
0.724346977538466
0.697743391360412
0.670452000407207
0.642499602267493
0.613911620294598
0.584712190583453
0.554924242424241
0.524569572796522
0.493668915412557
0.462242004769560
0.430307635626783
0.397883718284217
0.364987330004647
0.316227766016838
0.251188643150957
0.199526231496887
0.158489319246111
0.125892541179417
0.100000000000000
0.079432823472428
0.063095734448019
0.050118723362727
0.039810717055350
0.031622776601684
0.025118864315096
0.019952623149689
0.015848931924611
