1.000000000000000
1.000000000000000
1.000000000000000
1.000000000000000
1.000000000000000
1.000000000000000
1.000000000000000
1.000000000000000
1.000000000000000
1.000000000000000
1.000000000000000
1.000000000000000
1.000000000000000
1.000000000000000
1.000000000000000
1.000000000000000
1.000000000000000
1.000000000000000
1.000000000000000
1.000000000000000
1.000000000000000
1.000000000000000
1.000000000000000
1.000000000000000
1.000000000000000
1.000000000000000
1.000000000000000
1.000000000000000
1.000000000000000
1.000000000000000
1.000000000000000
1.000000000000000
1.000000000000000
1.000000000000000
1.000000000000000
1.000000000000000
1.000000000000000
1.000000000000000
1.000000000000000
1.000000000000000
1.000000000000000
1.000000000000000
0.999048007615936
0.986816242079398
0.974208418945259
0.961270194679804
0.948043340092611
0.934566145092460
0.920873773881291
0.906998577524892
0.892970369750555
0.878816670921933
0.864562924394105
0.850232688829180
0.835847809532019
0.821428571428571
0.806993835941204
0.792561163704539
0.778146924801697
0.763766397976923
0.749433860089597
0.735162666911393
0.720965326228484
0.706853564090406
0.692838384943647
0.678930126298546
0.665138508500644
0.651472680110450
0.637941259337139
0.624552371920791
0.611313685813314
0.598232442969284
0.585315488523851
0.572569297604858
0.559999999999998
0.547613402876559
0.535415011730800
0.523410049725837
0.511603475560835
0.499999999999998
0.488604101177199
0.477420038780756
0.466451867212804
0.455703447808709
0.445178460193938
0.434880412848587
0.424812652943323
0.414978375504690
0.405380631962534
0.396022338127600
0.386906281643122
0.378035128950459
0.369411431805318
0.361037633378057
0.352916073968704
0.345048996364785
0.337438550867741
0.330086800011611
0.322995722995722
0.316167219851429