1.000000000000000
1.000000000000000
1.000000000000000
1.000000000000000
1.000000000000000
1.000000000000000
1.000000000000000
1.000000000000000
1.000000000000000
1.000000000000000
1.000000000000000
1.000000000000000
1.000000000000000
1.000000000000000
1.000000000000000
1.000000000000000
1.000000000000000
1.000000000000000
1.000000000000000
1.000000000000000
1.000000000000000
1.000000000000000
1.000000000000000
1.000000000000000
1.000000000000000
1.000000000000000
1.000000000000000
1.000000000000000
1.000000000000000
1.000000000000000
1.000000000000000
1.000000000000000
1.000000000000000
1.000000000000000
0.995348566777138
0.979906063885389
0.959328737106513
0.933333333333331
0.901661230163643
0.864075815612457
0.820360195360192
0.770315180746019
0.713757518201961
0.650518326988914
0.580441717193852
0.503383564180209
0.419210419210417
0.327798538909650
0.251188643150958
0.199526231496888
0.158489319246111
0.125892541179417
0.100000000000000
0.079432823472428
0.063095734448019
0.050118723362727
0.039810717055350
0.031622776601684
0.025118864315096
0.019952623149689
0.015848931924611
0.012589254117942
0.010000000000000
0.007943282347243
0.006309573444802
0.005011872336273
0.003981071705535
0.003162277660168
0.002511886431510
0.001995262314969
0.001584893192461
0.001258925411794
0.001000000000000
0.000794328234724
0.000630957344480
0.000501187233627
0.000398107170553
0.000316227766017
0.000251188643151
0.000199526231497
0.000158489319246
0.000125892541179
0.000100000000000
0.000079432823472
0.000063095734448
0.000050118723363
0.000039810717055
0.000031622776602
0.000025118864315
0.000019952623150
0.000015848931925
0.000012589254118
0.000010000000000
0.000010000000000
0.000007943282347
0.000006309573445
0.000005011872336
0.000003981071706
0.000003162277660
0.000002511886432
